197.930, 0, 392
117.174, 0, 233
201.796, 0, 397
0.8, 3750.000
1993.412, 0, 3996
1059.757, 0, 2077
1997.378, 0, 3944
0.8, 37500.000
2006.512, 0, 4034
1026.841, 0, 2038
2017.564, 0, 4031
0.5, 59998.200
190.417, 0, 387
105.484, 0, 217
192.390, 0, 384
0.5, 5998.200
0.778, 0, 1
0.300, 0, 1
0.778, 0, 1
0.5, 16.800
190.417, 0, 387
105.484, 0, 217
192.390, 0, 384
0.5, 5998.200
190.417, 0, 387
105.484, 0, 217
192.390, 0, 384
0.5, 5998.200
190.417, 0, 387
105.484, 0, 217
192.390, 0, 384
0.5, 5998.200
190.417, 0, 387
105.484, 0, 217
192.390, 0, 384
0.5, 5998.200
190.417, 0, 387
105.484, 0, 217
192.390, 0, 384
0.5, 5998.200
190.417, 0, 387
105.484, 0, 217
192.390, 0, 384
0.5, 5998.200
190.417, 0, 387
105.484, 0, 217
192.390, 0, 384
0.5, 5998.200
190.417, 0, 387
105.484, 0, 217
192.390, 0, 384
0.5, 5998.200
190.417, 0, 387
105.484, 0, 217
192.390, 0, 384
0.5, 5998.200
nan, nan, nan
nan, nan, nan
nan, nan, nan
1.0, 0.000
nan, nan, nan
nan, nan, nan
nan, nan, nan
1.0, 0.000
0.500, 0, 1
0.333, 0, 1
0.333, 0, 1
1.0, 2.400
0.667, 0, 1
0.167, 0, 1
0.500, 0, 1
1.0, 5.400
0.333, 0, 1
0.333, 0, 1
0.333, 0, 1
1.0, 2.700
0.333, 0, 1
0.333, 0, 1
0.333, 0, 1
1.0, 2.700
0.333, 0, 1
0.333, 0, 1
0.333, 0, 1
1.0, 2.700
nan, nan, nan
nan, nan, nan
nan, nan, nan
1.0, 0.000
nan, nan, nan
nan, nan, nan
nan, nan, nan
1.0, 0.000
nan, nan, nan
nan, nan, nan
nan, nan, nan
1.0, 0.000
nan, nan, nan
nan, nan, nan
nan, nan, nan
0.7, 0.000
nan, nan, nan
nan, nan, nan
nan, nan, nan
0.7, 0.000
nan, nan, nan
nan, nan, nan
nan, nan, nan
0.7, 0.000
0.333, 0, 1
1.000, 1, 1
0.333, 0, 1
0.7, 4.000
