0.315, 0, 4
1089.123, 0, 2116
6246.617, 2, 12355
0.50, 86400.000

0.299, 0, 4
1068.006, 0, 2125
6201.544, 0, 12310
0.70, 61714.286

0.306, 0, 4
1115.828, 0, 2194
6176.924, 2, 12319
0.80, 54000.000

0.279, 0, 4
1072.893, 0, 2066
6079.099, 3, 12247
0.90, 48000.000

0.304, 0, 3
1053.330, 0, 2141
6066.674, 0, 12328
0.95, 45473.684




0.032, 0, 2
3347.544, 0, 6641
3914.947, 0, 7773
0.80, 54000.000

0.030, 0, 1
3297.228, 0, 6568
3879.980, 1, 7785
0.90, 48000.000
0.143, 0, 1
0.500, 0, 1
1.000, 1, 1
0.90, 3.333
